 2.0 373.35 
 2.0 373.19 
 2.0 373.11 
 2.0 373.02 
 0.0 0.0 
 3.0 343.24 
 3.0 372.53 
 3.0 373.06 
 3.0 373.1 
 0.0 0.0 
 4.0 373.06 
 4.0 422.75 
 4.0 372.99 
 4.0 373.01 
 0.0 0.0 
 5.0 373.06 
 5.0 373.15 
 5.0 373.0 
 5.0 373.08 
 0.0 0.0 
 6.0 373.0 
 6.0 625.7 
 6.0 372.99 
 6.0 372.72 
 0.0 0.0 
 7.0 373.03 
 7.0 373.02 
 7.0 373.22 
 7.0 373.15 
 0.0 0.0 
 8.0 372.99 
 8.0 373.01 
 8.0 373.0 
 8.0 373.12 
 0.0 0.0 
 9.0 372.98 
 9.0 372.86 
 9.0 373.04 
 9.0 373.01 
 0.0 0.0 
 10.0 373.11 
 10.0 372.99 
 10.0 373.17 
 10.0 373.0 
 0.0 0.0 
 11.0 373.1 
 11.0 347.91 
 11.0 373.07 
 11.0 373.02 
 0.0 0.0 
 12.0 373.28 
 12.0 373.01 
 12.0 373.06 
 12.0 372.83 
 0.0 0.0 
 13.0 373.01 
 13.0 372.95 
 13.0 373.18 
 13.0 373.03 
